Mean Noise Amplitude <length scales>
-----------ALL SAMPLES-------------
12.4634968417 2.27979164921e-06 9.08166162477 0.0199456816402 
12.4634977606 4.02229440759e-06 9.08166181402 0.0287699546045 
12.4635035695 1.26372513173e-05 9.0816609339 0.0254925073735 
12.4635589443 5.49791896199e-06 9.08170972051 0.0282749342195 
12.463550701 1.56372438566e-05 9.08170604797 0.0281271522825 
12.4635828658 2.87049630781e-05 9.08170153336 0.0290830516287 
12.463582474 1.19384458599e-05 9.08167765201 0.0237231893369 
12.4636338272 2.45034838549e-07 9.08167777115 0.0236615649992 
12.4636336151 2.08669923708e-08 9.08167768464 0.0256504171866 
12.4636336293 4.26106702079e-08 9.08167768993 0.0220965497575 
-----------MEAN OF SAMPLES-------------
12.4635674229 8.10264216318e-06 9.08168124723 0.0254825003029 
