Mean Noise Amplitude <length scales>
-----------ALL SAMPLES-------------
-3.51819147612 0.00132245938936 0.179307548357 0.96141938953 
-3.51826119421 0.00101299016918 0.179223451725 0.425027423167 
-3.52033895357 0.00170395151842 0.177111656672 0.445759484704 
-3.51977059794 0.00160592614853 0.176887130088 1.08511008771 
-3.51974467587 0.00181975797383 0.176393936721 0.571371107961 
-3.51973155306 0.00172923908759 0.176330494931 1.12151751746 
-3.51974944118 0.00168282894558 0.176342030829 1.36530505494 
-3.51988539083 0.00218714081726 0.175958120064 1.12329154276 
-3.51988626972 0.00228478314545 0.175931722758 0.701376314904 
-3.51782906039 0.00280201228054 0.177587708208 0.843512663734 
-----------MEAN OF SAMPLES-------------
-3.51933886129 0.00181510894757 0.177107380035 0.864369058686 
