Mean Noise Amplitude <length scales>
-----------ALL SAMPLES-------------
2.75431518019 2.00869523629e-05 3.66834397019 0.507410850842 
2.75440951938 4.72923985866e-06 3.66842997873 0.514263598481 
2.75440949582 1.47421060453e-05 3.66843596809 0.524184318687 
2.75440566694 1.3401663241e-05 3.66843668999 0.508340113644 
2.7543948837 8.09890874449e-06 3.66844419933 0.459459633417 
2.75439472907 6.79825183472e-06 3.66844664858 0.472132531716 
2.75439630273 9.65051649655e-06 3.66844508622 0.473555991059 
2.75439946518 7.70625727429e-06 3.66844501111 0.490446719597 
2.75439744436 9.51768307952e-06 3.6684428988 0.468712421737 
2.75436205007 1.800100994e-05 3.66841791938 0.51072755501 
-----------MEAN OF SAMPLES-------------
2.75438847374 1.12732588877e-05 3.66842883704 0.492923373419 
