Mean Noise Amplitude <length scales>
-----------ALL SAMPLES-------------
10.2303798387 1.38614790388e-06 14.5973119606 0.0338686771119 
10.2303732831 7.61550941827e-06 14.5973031338 0.0396568060795 
10.2303530567 1.02637256551e-05 14.5972945423 0.0240903563098 
10.2303672845 6.21853648635e-06 14.5972911336 0.0277012607077 
10.2303674555 6.06051515944e-06 14.5972911672 0.0460345271935 
10.2303673311 6.20454060217e-06 14.5972910976 0.0302515002321 
10.2303560878 9.31736087856e-07 14.5972711449 0.0347381016123 
10.2303787528 6.63059387663e-06 14.5972621767 0.0383872492864 
10.2303826284 2.05545054472e-06 14.5972544789 0.0395423228213 
10.2303830738 1.80989394466e-06 14.597254685 0.0329832233436 
-----------MEAN OF SAMPLES-------------
10.2303708792 4.91766496791e-06 14.5972825521 0.0347254024698 
