1.7183493500977276 -0.1956825506034865 1
0.6546349455786922 -0.43846842204976033 1
1.8380881048918405 -0.04553490121054904 1
0.48160743168947484 -0.3551427630053461 1
0.7774790660436856 -0.4749279121818236 1
0.595216656877606 -0.4144126230158124 1
0.008209986176753836 0.372122838315494 1
-0.3453650544213075 0.9384684220497604 0
0.1595998950333793 0.9871817834144501 0
-0.032051577571654985 0.9994862162006879 0
0.07308324265397825 0.12473299512062597 1
-1.0 1.2246467991473532e-16 0
0.19858637813204327 -0.09811053049121587 1
0.3276991097386831 -0.2402779970753155 1
0.9917900138232462 0.127877161684506 0
1.900968867902419 0.06611626088244171 1
0.9679484224283447 -0.4994862162006879 1
0.28452758663103267 0.9586678530366606 0
1.032051577571655 -0.4994862162006879 1
-0.5183925683105249 0.8551427630053462 0
1.8713187041233892 0.009282447996061816 1
1.2845275866310324 -0.4586678530366607 1
1.0 0.0 0
0.3765101981412664 -0.2818314824680297 1
0.3453650544213078 0.9384684220497603 0
-0.900968867902419 0.43388373911755823 0
0.09903113209758085 0.06611626088244194 1
0.7614459583691344 0.6482283953077884 0
1.3453650544213076 -0.43846842204976044 1
1.2225209339563143 -0.4749279121818236 1
1.9490557470106686 0.18489178197637912 1
0.9039769740923181 -0.49537911294919823 1
0.03205157757165533 0.9994862162006879 0
-0.15959989503337899 0.9871817834144502 0
0.8014136218679567 0.5981105304912159 0
0.5721166601221698 0.8201722545969559 0
-0.28452758663103234 0.9586678530366607 0
0.1619118951081593 -0.045534901210548595 1
1.9269167573460217 0.12473299512062552 1
0.6723008902613169 0.7402779970753155 0
0.1286812958766106 0.009282447996062149 1
1.5721166601221694 -0.3201722545969561 1
1.8014136218679564 -0.0981105304912161 1
0.40478334312239395 0.9144126230158124 0
0.5183925683105252 0.8551427630053461 0
1.0960230259076815 -0.49537911294919823 1
0.46253829024083537 0.886599306373 0
0.0 0.5 1
0.09602302590768187 0.9953791129491982 0
1.6723008902613166 -0.24027799707531572 1
-0.5721166601221694 0.8201722545969561 0
1.9672948630390295 0.2463454160904922 1
-0.9269167573460216 0.3752670048793745 0
-0.9672948630390293 0.2536545839095078 0
1.9815591569910653 0.30884137129862743 1
0.9815591569910653 0.1911586287013723 0
-0.9979453927503363 0.06407021998071323 0
1.6234898018587334 -0.2818314824680299 1
0.8380881048918407 0.5455349012105486 0
-0.22252093395631434 0.9749279121818236 0
0.6234898018587336 0.7818314824680297 0
-0.7614459583691342 0.6482283953077888 0
2.0 0.4999999999999999 1
0.03270513696097055 0.24634541609049265 1
1.9979453927503363 0.43592978001928673 1
-0.8380881048918404 0.545534901210549 0
0.9979453927503363 0.06407021998071291 0
0.9490557470106686 0.31510821802362066 0
0.9269167573460217 0.3752670048793741 0
0.5374617097591646 -0.386599306373 1
-0.09602302590768155 0.9953791129491982 0
0.8713187041233894 0.49071755200393785 0
-0.4625382902408351 0.8865993063730001 0
-0.9490557470106686 0.3151082180236208 0
-0.9815591569910653 0.19115862870137254 0
1.159599895033379 -0.4871817834144502 1
-0.991790013823246 0.1278771616845065 0
0.9009688679024191 0.4338837391175581 0
0.8404001049666208 -0.48718178341445006 1
-0.6723008902613165 0.7402779970753157 0
-0.7183493500977275 0.6956825506034865 0
1.991790013823246 0.37212283831549353 1
0.4278833398778302 -0.32017225459695586 1
0.9672948630390295 0.25365458390950735 0
1.5183925683105248 -0.3551427630053462 1
0.01844084300893467 0.30884137129862776 1
-0.40478334312239367 0.9144126230158125 0
-0.8713187041233892 0.49071755200393813 0
0.22252093395631445 0.9749279121818236 0
1.462538290240835 -0.3865993063730001 1
0.05094425298933136 0.18489178197637934 1
1.7614459583691342 -0.14822839530778875 1
-0.8014136218679565 0.5981105304912161 0
-0.6234898018587334 0.7818314824680299 0
0.7154724133689674 -0.4586678530366606 1
0.7183493500977276 0.6956825506034864 0
0.0020546072496636647 0.43592978001928706 1
0.2816506499022724 -0.19568255060348638 1
1.4047833431223937 -0.4144126230158125 1
0.23855404163086558 -0.14822839530778842 1
