Mean Noise Amplitude <length scales>
-----------ALL SAMPLES-------------
8.18033118829 3.08211415426e-06 23.0149748659 0.0611945056239 
8.18031927588 2.88429576841e-07 23.0149797794 0.0605768271253 
8.18031927644 8.84879407949e-07 23.0149800132 0.0627358079723 
8.18033107159 9.6362195678e-06 23.0149839676 0.0583915548583 
8.18033148271 8.61576278215e-06 23.0149853843 0.058378069153 
8.18031842212 1.80159872772e-05 23.014981101 0.0646718304459 
8.18032089785 1.17925099316e-05 23.0149886802 0.0646814420524 
8.18031776207 5.74512649515e-07 23.0150001907 0.0630950024329 
8.18031807447 1.68564932135e-07 23.0150000161 0.0662833036892 
8.18031589029 6.06737277895e-07 23.0149999414 0.0584653256179 
-----------MEAN OF SAMPLES-------------
8.18032233417 5.36657175573e-06 23.014987394 0.0618473668971 
