Mean Noise Amplitude <length scales>
-----------ALL SAMPLES-------------
9.47779462546 0.00125725866203 50.6057364741 0.12040718132 
9.47824819701 0.00133084279802 50.6058833862 0.109211493698 
9.47888368026 0.000986149990476 50.6064537822 0.139170286704 
9.47650163137 0.00243691812109 50.6075439974 0.143679845582 
9.4767501856 0.0013126117557 50.6071747059 0.119703636446 
9.4774476944 0.000833939447763 50.6064291064 0.107484894102 
9.476316242 0.000925225675016 50.6076399818 0.111730093125 
9.44325654921 0.00106194522325 50.6426448165 0.124091826252 
9.44600495976 0.00083161409375 50.6375127632 0.114318985802 
9.44583074151 0.0012229289398 50.637496372 0.160790478011 
-----------MEAN OF SAMPLES-------------
9.46770345066 0.00121994347069 50.6164515386 0.125058872104 
