Mean Noise Amplitude <length scales>
-----------ALL SAMPLES-------------
-0.178375310432 0.000842351048653 0.70270248964 0.325895250644 
-0.17344996751 0.000220152054822 0.702232118956 0.404006219325 
-0.1736394819 0.00112877760948 0.700523998362 0.302535726497 
-0.173142207031 0.000553352078159 0.70101524719 0.444341482176 
-0.173112200179 0.000592453434806 0.701035649942 0.358224212602 
-0.173040605125 0.00054859028379 0.701071673548 0.525851723264 
-0.172435804444 0.000917869595685 0.700705766579 0.494943285013 
-0.17255809072 0.000501593143935 0.700838808509 0.286980133846 
-0.172063496381 0.000333367582346 0.699328589751 0.302369193112 
-0.172036126557 0.000382118430622 0.699264591843 0.308339097343 
-----------MEAN OF SAMPLES-------------
-0.173385329028 0.00060206252623 0.700871893432 0.375348632382 
