Mean Noise Amplitude <length scales>
-----------ALL SAMPLES-------------
4.21017098238 0.0148876435295 5.10306329695 0.13366457734 
4.20990345677 0.0184372541649 5.100682057 0.10453065772 
4.4663997418 0.0329468641023 5.26946443133 0.137157201617 
4.45035445713 0.0223144981819 5.26766345876 0.10272957775 
4.45130906224 0.0202534479473 5.27165200659 0.108811439564 
4.45926418721 0.00521911376862 5.27584494626 0.113665638789 
4.45998306349 0.00374216288834 5.27365819998 0.0936173530469 
4.45961418647 0.00395684903517 5.27313954836 0.112750963186 
4.46308562809 0.00652554189943 5.27220758301 0.111178923732 
4.46561909862 0.0133037782716 5.27161637799 0.111018390654 
-----------MEAN OF SAMPLES-------------
4.40957038642 0.0141587153789 5.23789919062 0.11291247234 
