Mean Noise Amplitude <length scales>
-----------ALL SAMPLES-------------
10.3156168418 7.42409584003e-06 8.82896462356 0.0429175784383 
10.3156299433 1.83359332864e-05 8.82893918453 0.0483212156959 
10.3156297108 1.91649317247e-05 8.82893777708 0.0494956563838 
10.3156396548 1.00484315317e-05 8.82886633903 0.0444209371846 
10.3156400671 5.29273568312e-06 8.82887741857 0.0408539875836 
10.3156403986 8.38921182841e-06 8.82888023128 0.0503048424198 
10.3156420974 3.76097705209e-06 8.82887627827 0.0411712756334 
10.315637724 1.33953532234e-05 8.82887260244 0.0380759345083 
10.3156376524 1.36834761868e-05 8.82887208249 0.0359383226531 
10.3156733517 3.65865580029e-06 8.8286868303 0.0430397544251 
-----------MEAN OF SAMPLES-------------
10.3156387442 1.03153802157e-05 8.82887733676 0.0434539504926 
