Mean Noise Amplitude <length scales>
-----------ALL SAMPLES-------------
4.47145718887 0.00128018150659 3.0689304863 0.134266217238 
4.47147913127 0.000973169468373 3.0682906596 0.158101211843 
4.47138126074 0.000709676233396 3.06820754858 0.11764290442 
4.47138710473 0.000703430866482 3.06820608488 0.126658398413 
4.47154619221 0.000845238254932 3.0683129885 0.171308500993 
4.47049099961 0.00153084846566 3.06771928466 0.1577355333 
4.47068036895 0.00174584125 3.06734817631 0.10332814966 
4.47104607044 0.00135611719893 3.06767686682 0.157779965459 
4.47060347818 0.0015942942944 3.06725329376 0.147191584356 
4.49308639085 0.000675810663576 3.07611279918 0.122192087945 
-----------MEAN OF SAMPLES-------------
4.47331581859 0.00114146082023 3.06880581886 0.139620455363 
